spi

76 83 48 116 76 105 52 103 76 83 48 116 76 83 52 103 76 105 48 117 76 83 65 116 76 83 45 116 76 105 65 116 76 105 48 117 76 83 52 103 76 83 48 76 83 48 103 76 83 52 117 76 83 65 117 76 83 52 117 73 67 48 117 76 83 52 116 76 105 65 116 76 83 48 117 73 67 48 116 76 83 48 116 73 67 48 117 76 83 52 116 76 105 65 116 76 83 48 116 76 83 65 116 76 105 52 116 73 67 52 116 76 105 52 78 67 103 61 61

LS0t Li4g LS0t LS4g Li0u LSAt LSt LiAt Li0u LS4g LS0 LS0g LS4u LSAu LS4uIC0u LS4t LiAt LS0uIC0t LS0tIC0u LS4t LiAt LS0t LSAt Li4tIC4t Li4NCg==

LS0t - 3
Li4g 
LS4g - 2
Li0u - 2
LSAt - 2
LSt 
LiAt - 3
LS0 
LS0g
LS4u
LSAu
LS4uIC0u
LS4t - 2
LS0uIC0t
LS0tIC0u
Li4tIC4t
Li4NCg==
